0,447
0,446
24,49
24,48
24,47
24,46
24,45
24,44
24,43
24,42
24,41
24,40
24,39
24,38
24,37
24,36
24,35
0,445
0,444
0,443
38,5
0,442
0,441
0,440
0,439
0,438
0,437
0,436
0,273
0,270
38,4
38,3
38,2
0,435
38,1
38,0
0,434
0,433
37,3
37,2
0,432
37,1
37,0
0,431
0,430
36,3
36,2
0,429
36,1
36,0
0,428
0,427
0,426
0,425
35,4
0,424
0,423
0,422
35,3
35,2
0,421
35,1
35,0
0,420
0,419
0,418
0,417
34,4
0,416
0,415
0,414
34,3
34,2
0,413
34,1
34,0
0,412
0,411
0,410
0,409
33,4
0,408
0,407
0,406
0,405
0,404
0,403
0,402
0,401
33,3
33,2
0,400
33,1
33,0
0,399
0,398
32,3
32,2
0,397
32,1
32,0
0,396
0,395
0,394
0,393
31,4
0,392
0,391
0,390
0,389
31,3
31,2
31,1
31,0
30,3
30,2
30,1
30,0
0,388
0,278
0,387
0,386
0,385
29,3
29,2
29,1
29,0
28,3
28,2
28,1
28,0
0,384
0,319
